1743720709646 0.004524886877828055 0
1743720709656 0.00904977375565611 1
1743720709665 0.013574660633484163 2
1743720709674 0.01809954751131222 3
1743720709684 0.022624434389140274 4
1743720709694 0.02714932126696833 5
1743720709702 0.031674208144796386 6
1743720709711 0.03619909502262444 7
1743720709720 0.04072398190045249 8
1743720709729 0.04524886877828054 9
1743720709737 0.049773755656108594 10
1743720709747 0.053921568627450976 11
1743720709756 0.05809838728390764 12
1743720709764 0.06230006795617655 13
1743720709774 0.06652329570881607 14
1743720709783 0.07076537715677987 15
1743720709791 0.0750240942182651 16
1743720709800 0.07929759849176937 17
1743720709808 0.0835843334286591 18
1743720709818 0.08788297596259576 19
1743720709866 0.09219239203671771 20
1743720709877 0.09651160223828086 21
1743720709887 0.10064302069194994 22
1743720709896 0.10460229671004949 23
1743720709904 0.10858419716253817 24
1743720709914 0.11241294759762345 25
1743720709924 0.11626748086392143 26
1743720709932 0.12014595533063119 27
1743720709942 0.12389068929848888 28
1743720709952 0.1276614283633456 29
1743720709961 0.13131053068417467 30
1743720709970 0.13498700127240995 31
1743720709978 0.13868918144517836 32
1743720709987 0.14241555887397794 33
1743720709998 0.14603546837624037 34
1743720710006 0.14968051613893518 35
1743720710015 0.15334934333717415 36
1743720710024 0.15692162245124894 37
1743720710034 0.16051832740541996 38
1743720710042 0.1641382369076824 39
1743720710052 0.16778021902886106 40
1743720710064 0.1714432226918647 41
1743720710074 0.1750210402231706 42
1743720710083 0.1785175437196741 43
1743720710093 0.18203690018020702 44
1743720710102 0.18557811599763768 45
1743720710112 0.18914026098656614 46
1743720710121 0.19272246309818 47
1743720710132 0.1963239036744105 48
1743720710141 0.19994381317667292 49
1743720710149 0.20358146733335822 50
1743720710159 0.2072361836577578 51
1743720710168 0.21090731829448622 52
1743720710177 0.21459426315790167 53
1743720710186 0.21829644333067008 54
1743720710196 0.22201331469460026 55
1743720710205 0.22574436176930057 56
1743720710214 0.22948909573715828 57
1743720710223 0.23324705263569345 58
1743720710233 0.23701779170055015 59
1743720710241 0.240726715370901 60
1743720710251 0.24444879973814668 61
1743720710261 0.2481836270023857 62
1743720710269 0.25193079894808706 63
1743720710278 0.2556899357388981 64
1743720710289 0.2594606748037548 65
1743720710297 0.26324266980611855 66
1743720710307 0.2669690472349181 67
1743720710316 0.2707069972644282 68
1743720710326 0.27439154800780247 69
1743720710336 0.2780879344713803 70
1743720710344 0.28179582788515606 71
1743720710354 0.28545292823846913 72
1743720710364 0.2891217554367081 73
1743720710373 0.29280199676400825 74
1743720710382 0.2964933518485522 75
1743720710391 0.3001955320213206 76
1743720710401 0.30385024834572016 77
1743720710410 0.30751597948725173 78
1743720710418 0.311192450075487 79
1743720710427 0.3148793949389025 80
1743720710437 0.3185765586073718 81
1743720710447 0.3222836948446285 82
1743720710456 0.32600056620855866 83
1743720710467 0.3297269436373582 84
1743720710477 0.33346260605975114 85
1743720710486 0.3372073400276088 86
1743720710494 0.34090952020037724 87
1743720710505 0.3445701028431145 88
1743720710514 0.3482402888662417 89
1743720710524 0.3519198672064535 90
1743720710533 0.35560863368294376 91
1743720710583 0.35930639070138387 92
1743720710592 0.3630129469736473 93
1743720710601 0.36672811725228505 94
1743720710610 0.37045172207883104 95
1743720710619 0.37413693922675284 96
1743720710629 0.3778307244331431 97
1743720710638 0.3815329046059115 98
1743720710648 0.3852433118457305 99
1743720710659 0.3889617832403813 100
1743720710669 0.39268816066918083 101
1743720710678 0.396422290616903 102
1743720710687 0.400120515468974 103
1743720710695 0.40382661329271885 104
1743720710706 0.40754043554150227 105
1743720710714 0.41126183783354775 106
1743720710724 0.41499067979768384 107
1743720710734 0.4186853122025159 108
1743720710743 0.4223463570400314 109
1743720710754 0.42601518423827034 110
1743720710762 0.4296916548265056 111
1743720710771 0.4333756335234984 112
1743720710782 0.43706698860804233 113
1743720710791 0.4407655917951366 114
1743720710800 0.44447131811749574 115
1743720710810 0.4481840458121239 116
1743720710818 0.45186530971272976 117
1743720710827 0.4555536628820518 118
1743720710838 0.45924898716561136 119
1743720710846 0.46295116733837977 120
1743720710855 0.4666600910087306 121
1743720710864 0.47037564852629676 122
1743720710874 0.4740977328935424 123
1743720710883 0.47782623968087273 124
1743720710893 0.48152515514449407 125
1743720710902 0.4852305743200383 126
1743720710911 0.48894239558700664 127
1743720710920 0.4926254430457039 128
1743720710930 0.4963149661922406 129
1743720710938 0.5000108661611535 130
1743720710947 0.5037130463339219 131
1743720710956 0.50742141227139 132
1743720710965 0.5111358716487115 133
1743720710974 0.5148563341927035 134
1743720710983 0.518582711621503 135
1743720710992 0.5223149175864269 136
1743720711002 0.5260528676159371 137
1743720711010 0.5297639259186162 138
1743720711020 0.5334807972825464 139
1743720711028 0.5372033992529581 140
1743720711038 0.5409316511170841 141
1743720711047 0.5446654738554317 142
1743720711057 0.5483733672692075 143
1743720711066 0.5520556890042676 144
1743720711078 0.5557437817334562 145
1743720711087 0.5594067853964598 146
1743720711095 0.5630756125946987 147
1743720711105 0.5667198167916072 148
1743720711115 0.5703698922063886 149
1743720711124 0.5739957949363037 150
1743720711134 0.5776276120356131 151
1743720711143 0.5812356917682603 152
1743720711154 0.5848497247940581 153
1743720711163 0.5884404414777539 154
1743720711172 0.5920081407468106 155
1743720711181 0.5955819367522289 156
1743720711190 0.5991331137955876 157
1743720711199 0.6026904148001695 158
1743720711209 0.6062537632164591 159
1743720711218 0.6098230839213297 160
1743720711228 0.613370371782343 161
1743720711238 0.6169236571833367 162
1743720711246 0.6204828669835796 163
1743720711256 0.6240479293721714 164
1743720711265 0.6276187738359995 165
1743720711274 0.631195331128654 166
1743720711284 0.6347505993898046 167
1743720711292 0.6383116050392196 168
1743720711302 0.6418782805782135 169
1743720711311 0.6454505596922883 170
1743720711320 0.6490283772235942 171
1743720711330 0.6525855137287075 172
1743720711338 0.6561482120175721 173
1743720711348 0.6597164085269451 174
1743720711357 0.663290040777048 175
1743720711365 0.6668434830144384 176
1743720711375 0.6704023828059885 177
1743720711385 0.6739414004757982 178
1743720711393 0.6774607569363311 179
1743720711403 0.6809856688135342 180
1743720711411 0.6844912130430603 181
1743720711422 0.6880023274509924 182
1743720711430 0.6914943597154032 183
1743720711439 0.6949919749777244 184
1743720711448 0.6984951132057202 185
1743720711458 0.7019795180742081 186
1743720711467 0.7054694574214692 187
1743720711475 0.7089648726815903 188
1743720711485 0.7124657062133836 189
1743720711495 0.7159482107738062 190
1743720711504 0.7194361444087987 191
1743720711513 0.7229294508585208 192
1743720711521 0.7264280747331301 193
1743720711531 0.729908756946844 194
1743720711540 0.7333947667353747 195
1743720711549 0.7368860500116685 196
1743720711559 0.7403825535081721 197
1743720711568 0.7438614866353463 198
1743720711577 0.7473456495312739 199
1743720711585 0.7508349901584548 200
1743720711596 0.754329457252223 201
1743720711605 0.7578290003055186 202
1743720711614 0.7613335695540324 203
1743720711624 0.7648431159617137 204
1743720711668 0.768335625736348 205
1743720711677 0.7718331228399832 206
1743720711686 0.7753355593175327 207
1743720711694 0.7788212377258118 208
1743720711704 0.7823118647458506 209
1743720711714 0.7858073934713765 210
1743720711722 0.789307777659885 211
1743720711731 0.792791728119809 212
1743720711739 0.7962805427686017 213
1743720711749 0.7997741763579945 214
1743720711758 0.8032725842681672 215
1743720711766 0.806775722496163 216
1743720711778 0.810283547644571 217
1743720711786 0.8137960169104649 218
1743720711795 0.8173130880745949 219
1743720711805 0.8208347194908231 220
