1743714912163 0.0 0
1743714912163 0.0 1
1743714912188 0.004524886877828055 2
1743714912195 0.004524886877828055 3
1743714912202 0.00904977375565611 4
1743714912211 0.00904977375565611 5
1743714912220 0.013574660633484163 6
1743714912229 0.013574660633484163 7
1743714912240 0.01809954751131222 8
1743714912249 0.01809954751131222 9
1743714912258 0.02262443438914027 10
1743714912263 0.02262443438914027 11
1743714912273 0.027149321266968326 12
1743714912283 0.027149321266968326 13
1743714912293 0.027149321266968326 14
1743714912303 0.027149321266968326 15
1743714912313 0.027149321266968326 16
1743714912313 0.03167420814479638 17
1743714912329 0.03167420814479638 18
1743714912336 0.03167420814479638 19
1743714912349 0.03167420814479638 20
1743714912356 0.03167420814479638 21
1743714912363 0.03167420814479638 22
1743714912363 0.03167420814479638 23
1743714912383 0.03167420814479638 24
1743714912388 0.03167420814479638 25
1743714912397 0.03619909502262444 26
1743714912408 0.03619909502262444 27
1743714912414 0.03619909502262444 28
1743714912426 0.03619909502262444 29
1743714912434 0.03619909502262444 30
1743714912440 0.03619909502262444 31
1743714912447 0.03619909502262444 32
1743714912463 0.03619909502262444 33
1743714912463 0.03619909502262444 34
1743714912484 0.04072398190045249 35
1743714912488 0.04072398190045249 36
1743714912497 0.04072398190045249 37
1743714912513 0.04524886877828054 38
1743714912522 0.04524886877828054 39
1743714912530 0.049773755656108594 40
1743714912539 0.05429864253393665 41
1743714912547 0.05429864253393665 42
1743714912559 0.05429864253393665 43
1743714912564 0.05429864253393665 44
1743714912580 0.058823529411764705 45
1743714912591 0.06334841628959276 46
1743714912601 0.06334841628959276 47
1743714912610 0.06334841628959276 48
1743714912619 0.06334841628959276 49
1743714912627 0.06334841628959276 50
1743714912637 0.06334841628959276 51
1743714912646 0.06787330316742081 52
1743714912653 0.07239819004524888 53
1743714912663 0.07692307692307693 54
1743714912663 0.07692307692307693 55
1743714912682 0.08144796380090498 56
1743714912688 0.08144796380090498 57
1743714912700 0.08144796380090498 58
1743714912709 0.08144796380090498 59
1743714912716 0.08144796380090498 60
1743714912724 0.08597285067873303 61
1743714912732 0.09049773755656108 62
1743714912741 0.09502262443438914 63
1743714912752 0.09502262443438914 64
1743714912757 0.09954751131221719 65
1743714912763 0.10407239819004525 66
1743714912780 0.10407239819004525 67
1743714912788 0.10407239819004525 68
1743714912797 0.10407239819004525 69
1743714912797 0.1085972850678733 70
1743714912813 0.11312217194570136 71
1743714912817 0.11312217194570136 72
1743714912830 0.11764705882352941 73
1743714912839 0.11764705882352941 74
1743714912888 0.11764705882352941 75
1743714912897 0.11764705882352941 76
1743714912897 0.11764705882352941 77
1743714912917 0.12217194570135746 78
1743714912917 0.12217194570135746 79
1743714912930 0.12217194570135746 80
1743714912938 0.12217194570135746 81
1743714912947 0.12217194570135746 82
1743714912958 0.12217194570135746 83
1743714912963 0.12217194570135746 84
1743714912975 0.12669683257918551 85
1743714912984 0.13122171945701358 86
1743714912993 0.13122171945701358 87
1743714913001 0.13122171945701358 88
1743714913009 0.13122171945701358 89
1743714913013 0.13122171945701358 90
1743714913030 0.13574660633484162 91
1743714913033 0.14027149321266968 92
1743714913045 0.14027149321266968 93
1743714913054 0.14027149321266968 94
1743714913063 0.14479638009049775 95
1743714913072 0.14479638009049775 96
1743714913080 0.14479638009049775 97
1743714913088 0.1493212669683258 98
1743714913097 0.1493212669683258 99
1743714913105 0.15384615384615385 100
1743714913113 0.1583710407239819 101
1743714913119 0.1583710407239819 102
1743714913133 0.1583710407239819 103
1743714913140 0.1583710407239819 104
1743714913147 0.1583710407239819 105
1743714913157 0.16289592760180996 106
1743714913163 0.16289592760180996 107
1743714913173 0.16289592760180996 108
1743714913186 0.16289592760180996 109
1743714913197 0.167420814479638 110
1743714913280 0.17194570135746606 111
1743714913290 0.17647058823529413 112
1743714913297 0.17647058823529413 113
1743714913305 0.17647058823529413 114
1743714913314 0.17647058823529413 115
1743714913318 0.17647058823529413 116
1743714913330 0.17647058823529413 117
1743714913340 0.18099547511312217 118
1743714913348 0.18099547511312217 119
1743714913360 0.18552036199095023 120
1743714913363 0.19004524886877827 121
1743714913363 0.19004524886877827 122
1743714913380 0.19004524886877827 123
1743714913393 0.19004524886877827 124
1743714913397 0.19004524886877827 125
1743714913409 0.19004524886877827 126
1743714913414 0.19457013574660634 127
1743714913430 0.19457013574660634 128
1743714913437 0.19457013574660634 129
1743714913446 0.19457013574660634 130
1743714913453 0.19457013574660634 131
1743714913463 0.19909502262443438 132
1743714913466 0.20361990950226244 133
1743714913480 0.2081447963800905 134
1743714913490 0.21266968325791855 135
1743714913497 0.2171945701357466 136
1743714913506 0.2171945701357466 137
1743714913514 0.2171945701357466 138
1743714913522 0.22171945701357465 139
1743714913530 0.22624434389140272 140
1743714913538 0.22624434389140272 141
1743714913547 0.22624434389140272 142
1743714913547 0.22624434389140272 143
1743714913566 0.22624434389140272 144
1743714913578 0.22624434389140272 145
1743714913580 0.22624434389140272 146
1743714913597 0.23076923076923078 147
1743714913597 0.23076923076923078 148
1743714913613 0.23529411764705882 149
1743714913613 0.23529411764705882 150
1743714913630 0.23529411764705882 151
1743714913634 0.23529411764705882 152
1743714913647 0.23529411764705882 153
1743714913658 0.23529411764705882 154
1743714913667 0.23529411764705882 155
1743714913667 0.23529411764705882 156
1743714913680 0.23529411764705882 157
1743714913689 0.2398190045248869 158
1743714913697 0.24434389140271492 159
1743714913697 0.24434389140271492 160
1743714913713 0.24434389140271492 161
1743714913730 0.24434389140271492 162
1743714913736 0.24434389140271492 163
1743714913747 0.24434389140271492 164
1743714913747 0.24434389140271492 165
1743714913767 0.24434389140271492 166
1743714913776 0.24434389140271492 167
1743714913780 0.248868778280543 168
1743714913792 0.248868778280543 169
1743714913797 0.25339366515837103 170
1743714913808 0.2579185520361991 171
1743714913813 0.2579185520361991 172
1743714913823 0.26244343891402716 173
1743714913832 0.2669683257918552 174
1743714913840 0.2669683257918552 175
1743714913847 0.2669683257918552 176
1743714913856 0.27149321266968324 177
1743714913863 0.27149321266968324 178
1743714913872 0.27149321266968324 179
1743714913889 0.27149321266968324 180
1743714913897 0.27149321266968324 181
1743714913897 0.27601809954751133 182
1743714913914 0.27601809954751133 183
1743714913914 0.28054298642533937 184
1743714913930 0.2850678733031674 185
1743714913936 0.2850678733031674 186
1743714913947 0.2895927601809955 187
1743714913947 0.29411764705882354 188
1743714913963 0.2986425339366516 189
1743714913963 0.2986425339366516 190
1743714913980 0.2986425339366516 191
1743714913992 0.2986425339366516 192
1743714913997 0.2986425339366516 193
1743714914008 0.2986425339366516 194
1743714914013 0.3031674208144796 195
1743714914023 0.3076923076923077 196
1743714914032 0.31221719457013575 197
1743714914040 0.31221719457013575 198
1743714914047 0.3167420814479638 199
1743714914055 0.3212669683257919 200
1743714914063 0.3257918552036199 201
1743714914063 0.33031674208144796 202
1743714914084 0.33031674208144796 203
1743714914090 0.33031674208144796 204
1743714914097 0.33031674208144796 205
1743714914113 0.334841628959276 206
1743714914113 0.3393665158371041 207
1743714914130 0.3393665158371041 208
1743714914136 0.3393665158371041 209
1743714914147 0.3393665158371041 210
1743714914147 0.3438914027149321 211
1743714914163 0.3438914027149321 212
1743714914163 0.34841628959276016 213
1743714914180 0.35294117647058826 214
1743714914190 0.35294117647058826 215
1743714914196 0.35294117647058826 216
1743714914208 0.35294117647058826 217
1743714914252 0.35294117647058826 218
1743714914271 0.3574660633484163 219
1743714914294 0.3574660633484163 220
