1743715028015 0.0 0
1743715028026 0.0 1
1743715028038 0.004524886877828055 2
1743715028049 0.004524886877828055 3
1743715028061 0.00904977375565611 4
1743715028074 0.00904977375565611 5
1743715028084 0.013574660633484163 6
1743715028095 0.013574660633484163 7
1743715028104 0.01809954751131222 8
1743715028116 0.01809954751131222 9
1743715028126 0.02262443438914027 10
1743715028139 0.02262443438914027 11
1743715028150 0.027149321266968326 12
1743715028159 0.027149321266968326 13
1743715028170 0.027149321266968326 14
1743715028180 0.027149321266968326 15
1743715028191 0.027149321266968326 16
1743715028200 0.03167420814479638 17
1743715028211 0.03167420814479638 18
1743715028221 0.03167420814479638 19
1743715028232 0.03167420814479638 20
1743715028279 0.03167420814479638 21
1743715028290 0.03167420814479638 22
1743715028301 0.03167420814479638 23
1743715028311 0.03167420814479638 24
1743715028319 0.03167420814479638 25
1743715028330 0.03619909502262444 26
1743715028339 0.03619909502262444 27
1743715028350 0.03619909502262444 28
1743715028360 0.03619909502262444 29
1743715028370 0.03619909502262444 30
1743715028379 0.03619909502262444 31
1743715028388 0.03619909502262444 32
1743715028397 0.03619909502262444 33
1743715028409 0.03619909502262444 34
1743715028419 0.04072398190045249 35
1743715028428 0.04072398190045249 36
1743715028437 0.04072398190045249 37
1743715028447 0.04524886877828054 38
1743715028458 0.04524886877828054 39
1743715028469 0.049773755656108594 40
1743715028479 0.05429864253393665 41
1743715028490 0.05429864253393665 42
1743715028501 0.05429864253393665 43
1743715028511 0.05429864253393665 44
1743715028521 0.058823529411764705 45
1743715028530 0.06334841628959276 46
1743715028541 0.06334841628959276 47
1743715028550 0.06334841628959276 48
1743715028563 0.06334841628959276 49
1743715028576 0.06334841628959276 50
1743715028588 0.06334841628959276 51
1743715028599 0.06787330316742081 52
1743715028612 0.07239819004524888 53
1743715028626 0.07692307692307693 54
1743715028641 0.07692307692307693 55
1743715028651 0.08144796380090498 56
1743715028662 0.08144796380090498 57
1743715028673 0.08144796380090498 58
1743715028685 0.08144796380090498 59
1743715028696 0.08144796380090498 60
1743715028707 0.08597285067873303 61
1743715028717 0.09049773755656108 62
1743715028763 0.09502262443438914 63
1743715028773 0.09502262443438914 64
1743715028783 0.09954751131221719 65
1743715028794 0.10407239819004525 66
1743715028804 0.10407239819004525 67
1743715028815 0.10407239819004525 68
1743715028825 0.10407239819004525 69
1743715028838 0.1085972850678733 70
1743715028849 0.11312217194570136 71
1743715028859 0.11312217194570136 72
1743715028870 0.11764705882352941 73
1743715028881 0.11764705882352941 74
1743715028892 0.11764705882352941 75
1743715028903 0.11764705882352941 76
1743715028914 0.11764705882352941 77
1743715028923 0.12217194570135746 78
1743715028935 0.12217194570135746 79
1743715028947 0.12217194570135746 80
1743715028958 0.12217194570135746 81
1743715028969 0.12217194570135746 82
1743715028979 0.12217194570135746 83
1743715028991 0.12217194570135746 84
1743715029002 0.12669683257918551 85
1743715029013 0.13122171945701358 86
1743715029023 0.13122171945701358 87
1743715029033 0.13122171945701358 88
1743715029047 0.13122171945701358 89
1743715029064 0.13122171945701358 90
1743715029114 0.13574660633484162 91
1743715029126 0.14027149321266968 92
1743715029135 0.14027149321266968 93
1743715029146 0.14027149321266968 94
1743715029157 0.14479638009049775 95
1743715029166 0.14479638009049775 96
1743715029176 0.14479638009049775 97
1743715029186 0.1493212669683258 98
1743715029195 0.1493212669683258 99
1743715029205 0.15384615384615385 100
1743715029214 0.1583710407239819 101
1743715029225 0.1583710407239819 102
1743715029235 0.1583710407239819 103
1743715029245 0.1583710407239819 104
1743715029256 0.1583710407239819 105
1743715029266 0.16289592760180996 106
1743715029276 0.16289592760180996 107
1743715029287 0.16289592760180996 108
1743715029297 0.16289592760180996 109
1743715029307 0.167420814479638 110
1743715029318 0.17194570135746606 111
1743715029328 0.17647058823529413 112
1743715029334 0.17647058823529413 113
1743715029344 0.17647058823529413 114
1743715029349 0.17647058823529413 115
1743715029358 0.17647058823529413 116
1743715029374 0.17647058823529413 117
1743715029383 0.18099547511312217 118
1743715029391 0.18099547511312217 119
1743715029398 0.18552036199095023 120
1743715029413 0.19004524886877827 121
1743715029423 0.19004524886877827 122
1743715029435 0.19004524886877827 123
1743715029441 0.19004524886877827 124
1743715029456 0.19004524886877827 125
1743715029463 0.19004524886877827 126
1743715029474 0.19457013574660634 127
1743715029485 0.19457013574660634 128
1743715029501 0.19457013574660634 129
1743715029508 0.19457013574660634 130
1743715029524 0.19457013574660634 131
1743715029535 0.19909502262443438 132
1743715029547 0.20361990950226244 133
1743715029551 0.2081447963800905 134
1743715029607 0.21266968325791855 135
1743715029618 0.2171945701357466 136
1743715029629 0.2171945701357466 137
1743715029643 0.2171945701357466 138
1743715029658 0.22171945701357465 139
1743715029671 0.22624434389140272 140
1743715029679 0.22624434389140272 141
1743715029694 0.22624434389140272 142
1743715029701 0.22624434389140272 143
1743715029714 0.22624434389140272 144
1743715029724 0.22624434389140272 145
1743715029735 0.22624434389140272 146
1743715029741 0.23076923076923078 147
1743715029758 0.23076923076923078 148
1743715029768 0.23529411764705882 149
1743715029774 0.23529411764705882 150
1743715029784 0.23529411764705882 151
1743715029793 0.23529411764705882 152
1743715029799 0.23529411764705882 153
1743715029814 0.23529411764705882 154
1743715029818 0.23529411764705882 155
1743715029833 0.23529411764705882 156
1743715029840 0.23529411764705882 157
1743715029856 0.2398190045248869 158
1743715029859 0.24434389140271492 159
1743715029874 0.24434389140271492 160
1743715029882 0.24434389140271492 161
1743715029892 0.24434389140271492 162
1743715029899 0.24434389140271492 163
1743715029907 0.24434389140271492 164
1743715029916 0.24434389140271492 165
1743715029931 0.24434389140271492 166
1743715029931 0.24434389140271492 167
1743715029951 0.248868778280543 168
1743715029961 0.248868778280543 169
1743715029970 0.25339366515837103 170
1743715029979 0.2579185520361991 171
1743715029979 0.2579185520361991 172
1743715029999 0.26244343891402716 173
1743715030010 0.2669683257918552 174
1743715030018 0.2669683257918552 175
1743715030033 0.2669683257918552 176
1743715030051 0.27149321266968324 177
1743715030067 0.27149321266968324 178
1743715030084 0.27149321266968324 179
1743715030090 0.27149321266968324 180
1743715030099 0.27149321266968324 181
1743715030106 0.27601809954751133 182
1743715030122 0.27601809954751133 183
1743715030129 0.28054298642533937 184
1743715030139 0.2850678733031674 185
1743715030141 0.2850678733031674 186
1743715030153 0.2895927601809955 187
1743715030167 0.29411764705882354 188
1743715030169 0.2986425339366516 189
1743715030187 0.2986425339366516 190
1743715030187 0.2986425339366516 191
1743715030204 0.2986425339366516 192
1743715030214 0.2986425339366516 193
1743715030219 0.2986425339366516 194
1743715030230 0.3031674208144796 195
1743715030238 0.3076923076923077 196
1743715030246 0.31221719457013575 197
1743715030262 0.31221719457013575 198
1743715030271 0.3167420814479638 199
1743715030278 0.3212669683257919 200
1743715030282 0.3257918552036199 201
1743715030303 0.33031674208144796 202
1743715030303 0.33031674208144796 203
1743715030317 0.33031674208144796 204
1743715030329 0.33031674208144796 205
1743715030339 0.334841628959276 206
1743715030350 0.3393665158371041 207
1743715030357 0.3393665158371041 208
1743715030365 0.3393665158371041 209
1743715030380 0.3393665158371041 210
1743715030385 0.3438914027149321 211
1743715030400 0.3438914027149321 212
1743715030407 0.34841628959276016 213
1743715030407 0.35294117647058826 214
1743715030433 0.35294117647058826 215
1743715030446 0.35294117647058826 216
1743715030461 0.35294117647058826 217
1743715030472 0.35294117647058826 218
1743715030480 0.3574660633484163 219
1743715030489 0.3574660633484163 220
