1743720034631 0.0 0
1743720034641 0.0 1
1743720034650 0.0015082956259426846 2
1743720034660 0.0011312217194570137 3
1743720034669 0.0018099547511312218 4
1743720034677 0.0015082956259426846 5
1743720034685 0.0019392372333548802 6
1743720034695 0.0016968325791855204 7
1743720034703 0.002011060834590246 8
1743720034712 0.0018099547511312218 9
1743720034721 0.0020567667626491155 10
1743720034730 0.001885369532428356 11
1743720034739 0.002088409328228333 12
1743720034747 0.0019392372333548802 13
1743720034755 0.0021116138763197585 14
1743720034763 0.0019796380090497737 15
1743720034772 0.001863188714399787 16
1743720034780 0.002011060834590246 17
1743720034789 0.0019052155275065491 18
1743720034798 0.0018099547511312218 19
1743720034844 0.0017237664296487825 20
1743720034853 0.0016454134101192926 21
1743720034862 0.0015738736966358449 22
1743720034871 0.0015082956259426846 23
1743720034880 0.0014479638009049773 24
1743720034889 0.0013922728854855553 25
1743720034899 0.0015082956259426846 26
1743720034909 0.0014544279250161603 27
1743720034918 0.0014042752379466376 28
1743720034927 0.0013574660633484162 29
1743720034937 0.0013136768354984675 30
1743720034946 0.0012726244343891403 31
1743720034955 0.0012340600575894694 32
1743720034964 0.0011977641735427204 33
1743720034972 0.0011635423400129282 34
1743720034982 0.001256913021618904 35
1743720034991 0.0012229423994129878 36
1743720034999 0.0011907597046915933 37
1743720035008 0.0012762501450284255 38
1743720035018 0.001244343891402715 39
1743720035027 0.0013243571349740647 40
1743720035036 0.0014005602240896359 41
1743720035046 0.0013679890560875513 42
1743720035054 0.0013368983957219253 43
1743720035064 0.00130718954248366 44
1743720035134 0.0013771394845563645 45
1743720035144 0.001444112833349379 46
1743720035153 0.001414027149321267 47
1743720035161 0.0013851694523963432 48
1743720035171 0.0014479638009049773 49
1743720035180 0.001419572353828409 50
1743720035189 0.0013922728854855553 51
1743720035199 0.001451378809869376 52
1743720035207 0.0015082956259426846 53
1743720035216 0.0015631427396133278 54
1743720035225 0.001535229476405947 55
1743720035233 0.0015876796062554576 56
1743720035242 0.0015603058199407085 57
1743720035251 0.0015338599585857811 58
1743720035260 0.0015082956259426846 59
1743720035269 0.0014835694681403456 60
1743720035278 0.0015326229747482118 61
1743720035287 0.0015801192271780505 62
1743720035295 0.001626131221719457 63
1743720035305 0.0016011138183083884 64
1743720035314 0.0016454134101192926 65
1743720035324 0.0016883906260552442 66
1743720035333 0.001663561352142667 67
1743720035342 0.0016394517673290051 68
1743720035352 0.0016160310277957338 69
1743720035362 0.0016570008285004144 70
1743720035371 0.0016968325791855204 71
1743720035378 0.0016735882972788692 72
1743720035388 0.0017121193591781829 73
1743720035397 0.001689291101055807 74
1743720035406 0.0016670635865682305 75
1743720035416 0.0016454134101192926 76
1743720035424 0.0016243183663998144 77
1743720035435 0.001661034423506501 78
1743720035445 0.0016402714932126697 79
1743720035453 0.001620021227864365 80
1743720035462 0.0016002648714269947 81
1743720035471 0.0015809845717712479 82
1743720035481 0.001562163326869209 83
1743720035489 0.001543784934788395 84
1743720035498 0.0015784489108702515 85
1743720035507 0.001612316013938732 86
1743720035516 0.0015939942410530647 87
1743720035525 0.001576084193400783 88
1743720035535 0.0015585721468074408 89
1743720035544 0.0015414449803590076 90
1743720035554 0.0015738736966358449 91
1743720035562 0.0016056050211647936 92
1743720035571 0.001588524116684317 93
1743720035581 0.0015718028101929032 94
1743720035591 0.0016025641025641027 95
1743720035602 0.001586042823156225 96
1743720035611 0.0015698587127158557 97
1743720035619 0.0015997074820604232 98
1743720035629 0.0015837104072398188 99
1743720035637 0.0016128309663545539 100
1743720035646 0.001641380534114098 101
1743720035655 0.0016254448007731845 102
1743720035665 0.0016098155238426731 103
1743720035714 0.001594483947425124 104
1743720035723 0.0015794416460343207 105
1743720035732 0.0016069691715651032 106
1743720035741 0.001592089827383945 107
1743720035751 0.0015774834986923493 108
1743720035760 0.0015631427396133278 109
1743720035768 0.001589825119236884 110
1743720035778 0.0016160310277957338 111
1743720035787 0.0016417731149641613 112
1743720035796 0.001627371596411844 113
1743720035806 0.001613220539051741 114
1743720035815 0.001599313465439226 115
1743720035825 0.001585644119580771 116
1743720035834 0.0015722064575504258 117
1743720035843 0.0015970188980569604 118
1743720035853 0.0015837104072398188 119
1743720035861 0.0016080176507983993 120
1743720035870 0.0016319264149543802 121
1743720035880 0.0016186587205238568 122
1743720035889 0.0016056050211647936 123
1743720035898 0.001592760180995475 124
1743720035906 0.0015801192271780505 125
1743720035916 0.0015676773434994834 126
1743720035926 0.0015907805429864253 127
1743720035936 0.0015784489108702515 128
1743720035945 0.0015663069961712496 129
1743720035953 0.001554350454215744 130
1743720035963 0.0015425750719868367 131
1743720035970 0.0015649984690232367 132
1743720035980 0.0015870871884919296 133
1743720035990 0.0016088486676721972 134
1743720035998 0.0016302901250998137 135
1743720036007 0.0016514185685503847 136
1743720036017 0.0016394517673290051 137
1743720036026 0.0016276571502978612 138
1743720036036 0.0016483516483516484 139
1743720036045 0.001668752607425949 140
1743720036054 0.0016570008285004144 141
1743720036065 0.0016454134101192926 142
1743720036074 0.0016339869281045752 143
1743720036082 0.0016227180527383367 144
1743720036091 0.0016116035455278 145
1743720036101 0.001600640256102441 146
1743720036111 0.0016203986792222087 147
1743720036121 0.0016095235203012542 148
1743720036130 0.0016289592760180996 149
1743720036139 0.0016181714662431453 150
1743720036148 0.001607525601333651 151
1743720036156 0.0015970188980569604 152
1743720036165 0.0015866486454721748 153
1743720036176 0.0015764122025981608 154
1743720036184 0.0015663069961712496 155
1743720036194 0.0015563305184886302 156
1743720036205 0.0015464803253336388 157
1743720036215 0.0015652124420159935 158
1743720036225 0.0015837104072398188 159
1743720036235 0.0015738736966358449 160
1743720036244 0.0015641584269035249 161
1743720036254 0.0015545623629347918 162
1743720036263 0.001545083324136409 163
1743720036274 0.0015357191827780063 164
1743720036285 0.0015264678623998255 165
1743720036294 0.0015173273362776708 166
1743720036304 0.0015082956259426846 167
1743720036315 0.0015261452783207046 168
1743720036325 0.0015171679531541123 169
1743720036337 0.001534756952713609 170
1743720036349 0.0015521414290224139 171
1743720036359 0.0015431695132477178 172
1743720036369 0.0015603058199407085 173
1743720036380 0.0015772462831286362 174
1743720036391 0.0015682846565199507 175
1743720036401 0.0015594242912288774 176
1743720036410 0.001576084193400783 177
1743720036422 0.0015672792537728458 178
1743720036432 0.0015585721468074408 179
1743720036444 0.001549961250968726 180
1743720036454 0.0015414449803590076 181
1743720036463 0.001557747941547363 182
1743720036474 0.00154928192012591 183
1743720036485 0.0015653662712486244 184
1743720036498 0.0015812776723592664 185
1743720036509 0.0015728216420257944 186
1743720036520 0.001588524116684317 187
1743720036531 0.0016040604275898392 188
1743720036543 0.0016194331983805667 189
1743720036557 0.0016109544905356422 190
1743720036569 0.0016025641025641027 191
1743720036579 0.0015942606616181744 192
1743720036620 0.001586042823156225 193
1743720036631 0.0015779092702169625 194
1743720036643 0.0015929448702557947 195
1743720036653 0.0016078278246089534 196
1743720036662 0.0016225604460898576 197
1743720036671 0.0016144068760090044 198
1743720036682 0.0016289592760180996 199
1743720036692 0.0016433668760271044 200
1743720036701 0.0016576318265310694 201
1743720036713 0.001671756235650759 202
1743720036723 0.001663561352142667 203
1743720036733 0.0016554464187175809 204
1743720036742 0.0016474102710539033 205
1743720036751 0.0016613111242267254 206
1743720036760 0.0016750783153498085 207
1743720036769 0.0016670635865682305 208
1743720036780 0.0016591251885369532 209
1743720036788 0.0016512620359846453 210
1743720036796 0.001664816870144284 211
1743720036806 0.0016570008285004144 212
1743720036816 0.0016704021651795153 213
1743720036826 0.0016836788382616015 214
1743720036837 0.0016758840288252051 215
1743720036846 0.0016681610609504348 216
1743720036854 0.0016605089459919467 217
1743720036864 0.0016735882972788692 218
1743720036873 0.001686548745372275 219
1743720036882 0.0016789173030855224 220
