1743714970651 0.0 0
1743714970656 0.0 1
1743714970670 0.004524886877828055 2
1743714970680 0.004524886877828055 3
1743714970686 0.00904977375565611 4
1743714970694 0.00904977375565611 5
1743714970703 0.013574660633484163 6
1743714970716 0.013574660633484163 7
1743714970727 0.01809954751131222 8
1743714970737 0.01809954751131222 9
1743714970746 0.02262443438914027 10
1743714970754 0.02262443438914027 11
1743714970764 0.027149321266968326 12
1743714970767 0.027149321266968326 13
1743714970776 0.027149321266968326 14
1743714970786 0.027149321266968326 15
1743714970792 0.027149321266968326 16
1743714970807 0.03167420814479638 17
1743714970815 0.03167420814479638 18
1743714970823 0.03167420814479638 19
1743714970835 0.03167420814479638 20
1743714970876 0.03167420814479638 21
1743714970883 0.03167420814479638 22
1743714970889 0.03167420814479638 23
1743714970901 0.03167420814479638 24
1743714970906 0.03167420814479638 25
1743714970918 0.03619909502262444 26
1743714970927 0.03619909502262444 27
1743714970931 0.03619909502262444 28
1743714970944 0.03619909502262444 29
1743714970952 0.03619909502262444 30
1743714970963 0.03619909502262444 31
1743714970970 0.03619909502262444 32
1743714970978 0.03619909502262444 33
1743714970982 0.03619909502262444 34
1743714970994 0.04072398190045249 35
1743714970998 0.04072398190045249 36
1743714971009 0.04072398190045249 37
1743714971020 0.04524886877828054 38
1743714971031 0.04524886877828054 39
1743714971039 0.049773755656108594 40
1743714971048 0.05429864253393665 41
1743714971048 0.05429864253393665 42
1743714971065 0.05429864253393665 43
1743714971074 0.05429864253393665 44
1743714971081 0.058823529411764705 45
1743714971093 0.06334841628959276 46
1743714971102 0.06334841628959276 47
1743714971109 0.06334841628959276 48
1743714971120 0.06334841628959276 49
1743714971125 0.06334841628959276 50
1743714971138 0.06334841628959276 51
1743714971149 0.06787330316742081 52
1743714971159 0.07239819004524888 53
1743714971168 0.07692307692307693 54
1743714971173 0.07692307692307693 55
1743714971181 0.08144796380090498 56
1743714971190 0.08144796380090498 57
1743714971203 0.08144796380090498 58
1743714971203 0.08144796380090498 59
1743714971215 0.08144796380090498 60
1743714971231 0.08597285067873303 61
1743714971239 0.09049773755656108 62
1743714971251 0.09502262443438914 63
1743714971255 0.09502262443438914 64
1743714971269 0.09954751131221719 65
1743714971279 0.10407239819004525 66
1743714971289 0.10407239819004525 67
1743714971298 0.10407239819004525 68
1743714971307 0.10407239819004525 69
1743714971316 0.1085972850678733 70
1743714971328 0.11312217194570136 71
1743714971338 0.11312217194570136 72
1743714971346 0.11764705882352941 73
1743714971358 0.11764705882352941 74
1743714971366 0.11764705882352941 75
1743714971376 0.11764705882352941 76
1743714971386 0.11764705882352941 77
1743714971396 0.12217194570135746 78
1743714971405 0.12217194570135746 79
1743714971414 0.12217194570135746 80
1743714971424 0.12217194570135746 81
1743714971434 0.12217194570135746 82
1743714971442 0.12217194570135746 83
1743714971454 0.12217194570135746 84
1743714971502 0.12669683257918551 85
1743714971512 0.13122171945701358 86
1743714971521 0.13122171945701358 87
1743714971530 0.13122171945701358 88
1743714971539 0.13122171945701358 89
1743714971549 0.13122171945701358 90
1743714971558 0.13574660633484162 91
1743714971568 0.14027149321266968 92
1743714971577 0.14027149321266968 93
1743714971587 0.14027149321266968 94
1743714971595 0.14479638009049775 95
1743714971605 0.14479638009049775 96
1743714971614 0.14479638009049775 97
1743714971624 0.1493212669683258 98
1743714971632 0.1493212669683258 99
1743714971641 0.15384615384615385 100
1743714971652 0.1583710407239819 101
1743714971663 0.1583710407239819 102
1743714971676 0.1583710407239819 103
1743714971690 0.1583710407239819 104
1743714971698 0.1583710407239819 105
1743714971707 0.16289592760180996 106
1743714971717 0.16289592760180996 107
1743714971726 0.16289592760180996 108
1743714971735 0.16289592760180996 109
1743714971744 0.167420814479638 110
1743714971752 0.17194570135746606 111
1743714971762 0.17647058823529413 112
1743714971772 0.17647058823529413 113
1743714971781 0.17647058823529413 114
1743714971791 0.17647058823529413 115
1743714971801 0.17647058823529413 116
1743714971809 0.17647058823529413 117
1743714971819 0.18099547511312217 118
1743714971827 0.18099547511312217 119
1743714971837 0.18552036199095023 120
1743714971847 0.19004524886877827 121
1743714971859 0.19004524886877827 122
1743714971868 0.19004524886877827 123
1743714971876 0.19004524886877827 124
1743714971885 0.19004524886877827 125
1743714971894 0.19004524886877827 126
1743714971903 0.19457013574660634 127
1743714971912 0.19457013574660634 128
1743714971922 0.19457013574660634 129
1743714971930 0.19457013574660634 130
1743714971938 0.19457013574660634 131
1743714971948 0.19909502262443438 132
1743714971956 0.20361990950226244 133
1743714971965 0.2081447963800905 134
1743714971973 0.21266968325791855 135
1743714971982 0.2171945701357466 136
1743714971992 0.2171945701357466 137
1743714972001 0.2171945701357466 138
1743714972009 0.22171945701357465 139
1743714972019 0.22624434389140272 140
1743714972027 0.22624434389140272 141
1743714972038 0.22624434389140272 142
1743714972048 0.22624434389140272 143
1743714972058 0.22624434389140272 144
1743714972068 0.22624434389140272 145
1743714972077 0.22624434389140272 146
1743714972086 0.23076923076923078 147
1743714972096 0.23076923076923078 148
1743714972105 0.23529411764705882 149
1743714972114 0.23529411764705882 150
1743714972125 0.23529411764705882 151
1743714972135 0.23529411764705882 152
1743714972144 0.23529411764705882 153
1743714972154 0.23529411764705882 154
1743714972163 0.23529411764705882 155
1743714972173 0.23529411764705882 156
1743714972181 0.23529411764705882 157
1743714972191 0.2398190045248869 158
1743714972202 0.24434389140271492 159
1743714972212 0.24434389140271492 160
1743714972221 0.24434389140271492 161
1743714972230 0.24434389140271492 162
1743714972238 0.24434389140271492 163
1743714972248 0.24434389140271492 164
1743714972257 0.24434389140271492 165
1743714972269 0.24434389140271492 166
1743714972276 0.24434389140271492 167
1743714972285 0.248868778280543 168
1743714972293 0.248868778280543 169
1743714972303 0.25339366515837103 170
1743714972311 0.2579185520361991 171
1743714972320 0.2579185520361991 172
1743714972328 0.26244343891402716 173
1743714972336 0.2669683257918552 174
1743714972343 0.2669683257918552 175
1743714972352 0.2669683257918552 176
1743714972362 0.27149321266968324 177
1743714972370 0.27149321266968324 178
1743714972379 0.27149321266968324 179
1743714972386 0.27149321266968324 180
1743714972395 0.27149321266968324 181
1743714972403 0.27601809954751133 182
1743714972412 0.27601809954751133 183
1743714972421 0.28054298642533937 184
1743714972429 0.2850678733031674 185
1743714972439 0.2850678733031674 186
1743714972449 0.2895927601809955 187
1743714972459 0.29411764705882354 188
1743714972467 0.2986425339366516 189
1743714972476 0.2986425339366516 190
1743714972485 0.2986425339366516 191
1743714972493 0.2986425339366516 192
1743714972505 0.2986425339366516 193
1743714972514 0.2986425339366516 194
1743714972523 0.3031674208144796 195
1743714972531 0.3076923076923077 196
1743714972539 0.31221719457013575 197
1743714972548 0.31221719457013575 198
1743714972558 0.3167420814479638 199
1743714972568 0.3212669683257919 200
1743714972577 0.3257918552036199 201
1743714972588 0.33031674208144796 202
1743714972596 0.33031674208144796 203
1743714972606 0.33031674208144796 204
1743714972615 0.33031674208144796 205
1743714972625 0.334841628959276 206
1743714972633 0.3393665158371041 207
1743714972643 0.3393665158371041 208
1743714972653 0.3393665158371041 209
1743714972661 0.3393665158371041 210
1743714972671 0.3438914027149321 211
1743714972679 0.3438914027149321 212
1743714972688 0.34841628959276016 213
1743714972699 0.35294117647058826 214
1743714972708 0.35294117647058826 215
1743714972720 0.35294117647058826 216
1743714972728 0.35294117647058826 217
1743714972738 0.35294117647058826 218
1743714972748 0.3574660633484163 219
1743714972758 0.3574660633484163 220
