1743718525475 0.0 0
1743718525485 0.0 1
1743718525495 0.004524886877828055 2
1743718525506 0.004524886877828055 3
1743718525516 0.00904977375565611 4
1743718525525 0.00904977375565611 5
1743718525535 0.013574660633484163 6
1743718525543 0.013574660633484163 7
1743718525552 0.01809954751131222 8
1743718525560 0.01809954751131222 9
1743718525570 0.02262443438914027 10
1743718525578 0.02262443438914027 11
1743718525588 0.027149321266968326 12
1743718525598 0.027149321266968326 13
1743718525608 0.027149321266968326 14
1743718525617 0.027149321266968326 15
1743718525626 0.027149321266968326 16
1743718525636 0.03167420814479638 17
1743718525645 0.03167420814479638 18
1743718525654 0.03167420814479638 19
1743718525663 0.03167420814479638 20
1743718525733 0.03167420814479638 21
1743718525742 0.03167420814479638 22
1743718525750 0.03167420814479638 23
1743718525761 0.03167420814479638 24
1743718525768 0.03167420814479638 25
1743718525777 0.03619909502262444 26
1743718525787 0.03619909502262444 27
1743718525797 0.03619909502262444 28
1743718525806 0.03619909502262444 29
1743718525815 0.03619909502262444 30
1743718525824 0.03619909502262444 31
1743718525833 0.03619909502262444 32
1743718525842 0.03619909502262444 33
1743718525852 0.03619909502262444 34
1743718525860 0.04072398190045249 35
1743718525869 0.04072398190045249 36
1743718525879 0.04072398190045249 37
1743718525887 0.04524886877828054 38
1743718525896 0.04524886877828054 39
1743718525905 0.049773755656108594 40
1743718525914 0.05429864253393665 41
1743718525923 0.05429864253393665 42
1743718525933 0.05429864253393665 43
1743718525942 0.05429864253393665 44
1743718525951 0.058823529411764705 45
1743718525962 0.06334841628959276 46
1743718525976 0.06334841628959276 47
1743718525986 0.06334841628959276 48
1743718525997 0.06334841628959276 49
1743718526006 0.06334841628959276 50
1743718526014 0.06334841628959276 51
1743718526023 0.06787330316742081 52
1743718526032 0.07239819004524888 53
1743718526040 0.07692307692307693 54
1743718526049 0.07692307692307693 55
1743718526059 0.08144796380090498 56
1743718526068 0.08144796380090498 57
1743718526078 0.08144796380090498 58
1743718526087 0.08144796380090498 59
1743718526095 0.08144796380090498 60
1743718526104 0.08597285067873303 61
1743718526113 0.09049773755656108 62
1743718526122 0.09502262443438914 63
1743718526132 0.09502262443438914 64
1743718526141 0.09954751131221719 65
1743718526150 0.10407239819004525 66
1743718526159 0.10407239819004525 67
1743718526168 0.10407239819004525 68
1743718526177 0.10407239819004525 69
1743718526187 0.1085972850678733 70
1743718526227 0.11312217194570136 71
1743718526236 0.11312217194570136 72
1743718526246 0.11764705882352941 73
1743718526256 0.11764705882352941 74
1743718526266 0.11764705882352941 75
1743718526275 0.11764705882352941 76
1743718526284 0.11764705882352941 77
1743718526292 0.12217194570135746 78
1743718526303 0.12217194570135746 79
1743718526312 0.12217194570135746 80
1743718526321 0.12217194570135746 81
1743718526330 0.12217194570135746 82
1743718526340 0.12217194570135746 83
1743718526350 0.12217194570135746 84
1743718526358 0.12669683257918551 85
1743718526367 0.13122171945701358 86
1743718526376 0.13122171945701358 87
1743718526386 0.13122171945701358 88
1743718526394 0.13122171945701358 89
1743718526402 0.13122171945701358 90
1743718526411 0.13574660633484162 91
1743718526419 0.14027149321266968 92
1743718526429 0.14027149321266968 93
1743718526438 0.14027149321266968 94
1743718526445 0.14479638009049775 95
1743718526454 0.14479638009049775 96
1743718526462 0.14479638009049775 97
1743718526471 0.1493212669683258 98
1743718526479 0.1493212669683258 99
1743718526489 0.15384615384615385 100
1743718526499 0.1583710407239819 101
1743718526508 0.1583710407239819 102
1743718526517 0.1583710407239819 103
1743718526526 0.1583710407239819 104
1743718526535 0.1583710407239819 105
1743718526545 0.16289592760180996 106
1743718526554 0.16289592760180996 107
1743718526563 0.16289592760180996 108
1743718526573 0.16289592760180996 109
1743718526582 0.167420814479638 110
1743718526591 0.17194570135746606 111
1743718526600 0.17647058823529413 112
1743718526608 0.17647058823529413 113
1743718526617 0.17647058823529413 114
1743718526626 0.17647058823529413 115
1743718526635 0.17647058823529413 116
1743718526644 0.17647058823529413 117
1743718526652 0.18099547511312217 118
1743718526661 0.18099547511312217 119
1743718526670 0.18552036199095023 120
1743718526679 0.19004524886877827 121
1743718526688 0.19004524886877827 122
1743718526697 0.19004524886877827 123
1743718526705 0.19004524886877827 124
1743718526714 0.19004524886877827 125
1743718526723 0.19004524886877827 126
1743718526732 0.19457013574660634 127
1743718526741 0.19457013574660634 128
1743718526750 0.19457013574660634 129
1743718526758 0.19457013574660634 130
1743718526767 0.19457013574660634 131
1743718526776 0.19909502262443438 132
1743718526785 0.20361990950226244 133
1743718526793 0.2081447963800905 134
1743718526801 0.21266968325791855 135
1743718526810 0.2171945701357466 136
1743718526820 0.2171945701357466 137
1743718526829 0.2171945701357466 138
1743718526837 0.22171945701357465 139
1743718526845 0.22624434389140272 140
1743718526853 0.22624434389140272 141
1743718526862 0.22624434389140272 142
1743718526871 0.22624434389140272 143
1743718526880 0.22624434389140272 144
1743718526888 0.22624434389140272 145
1743718526897 0.22624434389140272 146
1743718526906 0.23076923076923078 147
1743718526914 0.23076923076923078 148
1743718526924 0.23529411764705882 149
1743718526933 0.23529411764705882 150
1743718526942 0.23529411764705882 151
1743718526951 0.23529411764705882 152
1743718526960 0.23529411764705882 153
1743718526971 0.23529411764705882 154
1743718526979 0.23529411764705882 155
1743718526988 0.23529411764705882 156
1743718526998 0.23529411764705882 157
1743718527007 0.2398190045248869 158
1743718527016 0.24434389140271492 159
1743718527025 0.24434389140271492 160
1743718527034 0.24434389140271492 161
1743718527043 0.24434389140271492 162
1743718527052 0.24434389140271492 163
1743718527061 0.24434389140271492 164
1743718527070 0.24434389140271492 165
1743718527079 0.24434389140271492 166
1743718527086 0.24434389140271492 167
1743718527096 0.248868778280543 168
1743718527105 0.248868778280543 169
1743718527115 0.25339366515837103 170
1743718527124 0.2579185520361991 171
1743718527133 0.2579185520361991 172
1743718527142 0.26244343891402716 173
1743718527152 0.2669683257918552 174
1743718527161 0.2669683257918552 175
1743718527171 0.2669683257918552 176
1743718527180 0.27149321266968324 177
1743718527189 0.27149321266968324 178
1743718527198 0.27149321266968324 179
1743718527207 0.27149321266968324 180
1743718527216 0.27149321266968324 181
1743718527225 0.27601809954751133 182
1743718527234 0.27601809954751133 183
1743718527244 0.28054298642533937 184
1743718527253 0.2850678733031674 185
1743718527261 0.2850678733031674 186
1743718527270 0.2895927601809955 187
1743718527278 0.29411764705882354 188
1743718527286 0.2986425339366516 189
1743718527295 0.2986425339366516 190
1743718527303 0.2986425339366516 191
1743718527312 0.2986425339366516 192
1743718527320 0.2986425339366516 193
1743718527330 0.2986425339366516 194
1743718527338 0.3031674208144796 195
1743718527347 0.3076923076923077 196
1743718527393 0.31221719457013575 197
1743718527402 0.31221719457013575 198
1743718527411 0.3167420814479638 199
1743718527421 0.3212669683257919 200
1743718527430 0.3257918552036199 201
1743718527440 0.33031674208144796 202
1743718527449 0.33031674208144796 203
1743718527458 0.33031674208144796 204
1743718527467 0.33031674208144796 205
1743718527476 0.334841628959276 206
1743718527485 0.3393665158371041 207
1743718527494 0.3393665158371041 208
1743718527503 0.3393665158371041 209
1743718527511 0.3393665158371041 210
1743718527520 0.3438914027149321 211
1743718527529 0.3438914027149321 212
1743718527538 0.34841628959276016 213
1743718527547 0.35294117647058826 214
1743718527556 0.35294117647058826 215
1743718527565 0.35294117647058826 216
1743718527576 0.35294117647058826 217
1743718527584 0.35294117647058826 218
1743718527594 0.3574660633484163 219
1743718527602 0.3574660633484163 220
