1743720624829 0.0 0
1743720624839 0.0 1
1743720624848 0.0015082956259426846 2
1743720624858 0.0026395173453996985 3
1743720624868 0.00444947209653092 4
1743720624878 0.0059577677224736045 5
1743720624887 0.007897004955828485 6
1743720624896 0.009593837535014006 7
1743720624905 0.011604898369604252 8
1743720624915 0.013414853120735475 9
1743720624925 0.01547161988338459 10
1743720624934 0.017356989415812946 11
1743720624943 0.01944539874404128 12
1743720624953 0.02138463597739616 13
1743720624962 0.023496249853715918 14
1743720624970 0.02547588786276569 15
1743720624979 0.02733907657716548 16
1743720624987 0.029350137411755725 17
1743720624996 0.03125535293926227 18
1743720625005 0.033065307690393494 19
1743720625080 0.03478907412004228 20
1743720625090 0.03643448753016157 21
1743720625099 0.03800836122679741 22
1743720625108 0.0395166568527401 23
1743720625117 0.040964620653645076 24
1743720625127 0.04235689353913063 25
1743720625137 0.043865189165073315 26
1743720625146 0.04531961709008948 27
1743720625156 0.046723892328036115 28
1743720625166 0.048081358391384534 29
1743720625175 0.049395035226883 30
1743720625185 0.050667659661272145 31
1743720625194 0.051901719718861615 32
1743720625204 0.053099483892404334 33
1743720625213 0.054263026232417265 34
1743720625222 0.05551993925403617 35
1743720625231 0.05674288165344916 36
1743720625242 0.057933641358140754 37
1743720625251 0.05920989150316918 38
1743720625260 0.0604542353945719 39
1743720625270 0.06177859252954596 40
1743720625278 0.0631791527536356 41
1743720625288 0.06454714180972315 42
1743720625297 0.06588404020544508 43
1743720625307 0.06719122974792874 44
1743720625316 0.0685683692324851 45
1743720625326 0.07001248206583448 46
1743720625336 0.07142650921515574 47
1743720625345 0.07281167866755209 48
1743720625354 0.07425964246845707 49
1743720625363 0.07567921482228547 50
1743720625372 0.07707148770777103 51
1743720625381 0.0785228665176404 52
1743720625392 0.08003116214358308 53
1743720625401 0.08159430488319641 54
1743720625411 0.08312953435960235 55
1743720625421 0.08471721396585781 56
1743720625429 0.08627751978579852 57
1743720625439 0.0878113797443843 58
1743720625448 0.08931967537032698 59
1743720625458 0.09080324483846733 60
1743720625468 0.09233586781321554 61
1743720625477 0.09391598704039358 62
1743720625486 0.09554211826211303 63
1743720625496 0.09714323208042143 64
1743720625506 0.09878864549054073 65
1743720625516 0.10047703611659597 66
1743720625524 0.10214059746873864 67
1743720625533 0.10378004923606765 68
1743720625543 0.10539608026386338 69
1743720625552 0.10705308109236379 70
1743720625562 0.1087499136715493 71
1743720625571 0.11042350196882818 72
1743720625580 0.11213562132800636 73
1743720625590 0.11382491242906217 74
1743720625599 0.11549197601563041 75
1743720625608 0.11713738942574971 76
1743720625619 0.11876170779214952 77
1743720625628 0.12042274221565602 78
1743720625637 0.12206301370886868 79
1743720625648 0.12368303493673305 80
1743720625658 0.12528329980816005 81
1743720625667 0.1268642843799313 82
1743720625677 0.1284264477068005 83
1743720625686 0.1299702326415889 84
1743720625695 0.13154868155245916 85
1743720625705 0.1331609975663979 86
1743720625715 0.13475499180745096 87
1743720625724 0.13633107600085173 88
1743720625733 0.13788964814765917 89
1743720625742 0.13943109312801819 90
1743720625752 0.14100496682465402 91
1743720625761 0.14261057184581882 92
1743720625772 0.14419909596250313 93
1743720625781 0.14577089877269603 94
1743720625790 0.14737346287526013 95
1743720625800 0.14895950569841634 96
1743720625810 0.1505293644111322 97
1743720625819 0.15212907189319264 98
1743720625828 0.15371278230043245 99
1743720625837 0.155325613266787 100
1743720625846 0.15696699380090112 101
1743720625854 0.1585924386016743 102
1743720625863 0.16020225412551697 103
1743720625873 0.1617967380729421 104
1743720625919 0.16337617971897642 105
1743720625927 0.16498314889054153 106
1743720625937 0.16657523871792548 107
1743720625946 0.16815272221661784 108
1743720625955 0.16971586495623117 109
1743720625965 0.17130569007546806 110
1743720625974 0.1729217211032638 111
1743720625985 0.17456349421822795 112
1743720625994 0.1761908658146398 113
1743720626003 0.17780408635369155 114
1743720626012 0.17940339981913078 115
1743720626022 0.18098904393871154 116
1743720626031 0.18256125039626198 117
1743720626040 0.18415826929431894 118
1743720626049 0.18574197970155876 119
1743720626059 0.18734999735235716 120
1743720626069 0.18898192376731154 121
1743720626078 0.1906005824878354 122
1743720626088 0.1922061875090002 123
1743720626097 0.19379894768999567 124
1743720626106 0.19537906691717372 125
1743720626115 0.1969467442606732 126
1743720626125 0.19853752480365963 127
1743720626134 0.20011597371452988 128
1743720626144 0.20168228071070113 129
1743720626153 0.20323663116491686 130
1743720626163 0.20477920623690368 131
1743720626172 0.20634420470592693 132
1743720626181 0.20793129189441886 133
1743720626192 0.20954014056209105 134
1743720626200 0.21117043068719088 135
1743720626210 0.21282184925574127 136
1743720626220 0.21446130102307026 137
1743720626229 0.21608895817336812 138
1743720626238 0.21773730982171977 139
1743720626247 0.2194060624291457 140
1743720626257 0.22106306325764613 141
1743720626266 0.22270847666776541 142
1743720626276 0.22434246359586998 143
1743720626286 0.22596518164860832 144
1743720626296 0.22757678519413613 145
1743720626305 0.22917742545023856 146
1743720626313 0.23079782412946076 147
1743720626323 0.232407347649762 148
1743720626332 0.23403630692578012 149
1743720626341 0.23565447839202328 150
1743720626350 0.23726200399335692 151
1743720626359 0.2388590228914139 152
1743720626369 0.24044567153688606 153
1743720626379 0.24202208373948422 154
1743720626388 0.24358839073565547 155
1743720626396 0.2451447212541441 156
1743720626406 0.24669120157947774 157
1743720626415 0.24825641402149373 158
1743720626423 0.24984012442873355 159
1743720626434 0.2514139981253694 160
1743720626443 0.25297815655227296 161
1743720626451 0.25453271891520773 162
1743720626461 0.2560778022393441 163
1743720626470 0.2576135214221221 164
1743720626479 0.259139989284522 165
1743720626489 0.26065731662079966 166
1743720626498 0.26216561224674234 167
1743720626507 0.263691757525063 168
1743720626517 0.2652089254782171 169
1743720626527 0.2667436824309307 170
1743720626535 0.26829582385995315 171
1743720626545 0.2698389933732009 172
1743720626554 0.2713992991931416 173
1743720626564 0.27297654547627026 174
1743720626574 0.2745448301327902 175
1743720626583 0.27610425442401904 176
1743720626593 0.2776803386174198 177
1743720626602 0.2792476178711927 178
1743720626610 0.2808061900180001 179
1743720626620 0.28235615126896885 180
1743720626630 0.28389759624932787 181
1743720626639 0.2854553441908752 182
1743720626649 0.28700462611100114 183
1743720626658 0.2885699923822498 184
1743720626669 0.29015127005460906 185
1743720626678 0.2917240916966348 186
1743720626687 0.29331261581331913 187
1743720626696 0.29491667624090895 188
1743720626705 0.29653610943928954 189
1743720626716 0.2981470639298252 190
1743720626725 0.2997496280323893 191
1743720626733 0.30134388869400747 192
1743720626743 0.3029299315171637 193
1743720626753 0.30450784078738063 194
1743720626762 0.30610078565763643 195
1743720626771 0.3077086134822454 196
1743720626780 0.30933117392833526 197
1743720626789 0.31094558080434426 198
1743720626798 0.31257454008036234 199
1743720626807 0.31421790695638946 200
1743720626818 0.3158755387829205 201
1743720626828 0.31754729501857126 202
1743720626837 0.31921085637071395 203
1743720626845 0.3208663027894315 204
1743720626855 0.32251371306048543 205
1743720626864 0.32417502418471217 206
1743720626874 0.32585010250006197 207
1743720626883 0.3275171660866302 208
1743720626893 0.3291762912751671 209
1743720626903 0.33082755331115177 210
1743720626912 0.33249237018129607 211
1743720626921 0.33414937100979647 212
1743720626931 0.33581977317497597 213
1743720626939 0.33750345201323756 214
1743720626949 0.33917933604206274 215
1743720626957 0.34084749710301315 216
1743720626968 0.3425080060490051 217
1743720626977 0.344181594346284 218
1743720626986 0.34586814309165625 219
1743720626996 0.34754706039474176 220
