1743720793667 0.004524886877828055 0
1743720793677 0.00904977375565611 1
1743720793687 0.013574660633484163 2
1743720793696 0.01809954751131222 3
1743720793705 0.022624434389140274 4
1743720793716 0.02714932126696833 5
1743720793726 0.031674208144796386 6
1743720793735 0.03619909502262444 7
1743720793744 0.04072398190045249 8
1743720793753 0.04524886877828054 9
1743720793763 0.049773755656108594 10
1743720793773 0.054298642533936646 11
1743720793782 0.0588235294117647 12
1743720793792 0.06334841628959276 13
1743720793802 0.06787330316742081 14
1743720793811 0.07239819004524886 15
1743720793821 0.07692307692307691 16
1743720793830 0.08144796380090497 17
1743720793839 0.08597285067873302 18
1743720793848 0.09049773755656107 19
1743720793858 0.09502262443438912 20
1743720793867 0.09954751131221717 21
1743720793876 0.10407239819004523 22
1743720793887 0.10840874811463044 23
1743720793896 0.11275263951734538 24
1743720793904 0.11710349228448774 25
1743720793914 0.12146079075943328 26
1743720793923 0.12582407453448177 27
1743720793931 0.13019293083031575 28
1743720793941 0.13456698814554954 29
1743720793949 0.13894591093054443 30
1743720793958 0.14332939509344036 31
1743720793967 0.1477171641870918 32
1743720793976 0.15210896615674843 33
1743720793985 0.15650457055235284 34
1743720793994 0.16090376612801902 35
1743720794003 0.16530635876590577 36
1743720794012 0.16971216967326466 37
1743720794022 0.1741210338106356 38
1743720794031 0.17853279851651796 39
1743720794040 0.18294732229976485 40
1743720794051 0.18736447377573986 41
1743720794059 0.19178413072617656 42
1743720794068 0.19620617926587217 43
1743720794078 0.20063051310197072 44
1743720794087 0.20505703287375904 45
1743720794096 0.20948564556269714 46
1743720794106 0.21391626396390379 47
1743720794115 0.21834880621157207 48
1743720794125 0.22278319535184357 49
1743720794135 0.22721935895755735 50
1743720794144 0.23165722878004255 51
1743720794154 0.23609674043376064 52
1743720794164 0.24053783311014743 53
1743720794173 0.2449804493174695 54
1743720794182 0.2494245346439078 55
1743720794191 0.25387003754142307 56
1743720794200 0.25831690912825406 57
1743720794210 0.2627651030081528 58
1743720794219 0.2672145751046837 59
1743720794228 0.2715911050356977 60
1743720794236 0.27597002782069263 61
1743720794246 0.28035126749604994 62
1743720794255 0.28473475165894585 63
1743720794264 0.28912041124822535 64
1743720794274 0.2935081803418768 65
1743720794283 0.29789799596962047 66
1743720794292 0.3022897979392771 67
1743720794302 0.30668352867571885 68
1743720794312 0.31107913307132323 69
1743720794321 0.3154765583469589 70
1743720794331 0.3198757539226251 71
1743720794340 0.324276671296951 72
1743720794349 0.32867926393483776 73
1743720794359 0.3330834871625904 74
1743720794368 0.3374892980699493 75
1743720794377 0.34189665541848313 76
1743720794386 0.34630551955585404 77
1743720794395 0.3507158523355092 78
1743720794404 0.35512761704139156 79
1743720794413 0.3595407783172979 80
1743720794423 0.3639553021005448 81
1743720794432 0.36837115555962996 82
1743720794441 0.37278830703560495 83
1743720794449 0.37720672598689586 84
1743720794458 0.3816263829373326 85
1743720794468 0.3860472494271646 86
1743720794476 0.3904692979668602 87
1743720794485 0.3948925019935011 88
1743720794495 0.39931683582959965 89
1743720794503 0.4037422746441787 90
1743720794512 0.40816879441596704 91
1743720794523 0.412596371898573 92
1743720794532 0.4170249845875111 93
1743720794542 0.42145461068896384 94
1743720794552 0.42588522909017046 95
1743720794561 0.43031681933134225 96
1743720794571 0.43474936157901056 97
1743720794581 0.4391828366007209 98
1743720794590 0.4436172257409924 99
1743720794600 0.4480525108984674 100
1743720794608 0.45248867450418123 101
1743720794619 0.4569256995008864 102
1743720794628 0.46136356932337164 103
1743720794637 0.46580226787971724 104
1743720794647 0.4702417795334353 105
1743720794656 0.47468208908644416 106
1743720794665 0.479123181762831 107
1743720794675 0.4835650431933594 108
1743720794686 0.4880076594006815 109
1743720794698 0.49245101678521536 110
1743720794707 0.4968951021116536 111
1743720794756 0.5013399024960687 112
1743720794765 0.5057854053935841 113
1743720794777 0.5102315985865803 114
1743720794786 0.5146784701734113 115
1743720794795 0.5191260085576013 116
1743720794804 0.5235742024375001 117
1743720794813 0.5280230407963731 118
1743720794822 0.532472512892904 119
1743720794830 0.5369226082520903 120
1743720794840 0.5413733166565113 121
1743720794850 0.545824628137952 122
1743720794858 0.5502765329693634 123
1743720794868 0.5547290216571462 124
1743720794877 0.5591820849337389 125
1743720794889 0.5636357137504988 126
1743720794898 0.5680898992708608 127
1743720794906 0.5725446328637613 128
1743720794917 0.5769999060973151 129
1743720794925 0.5814557107327336 130
1743720794935 0.5859120387184734 131
1743720794944 0.5903688821846048 132
1743720794953 0.5948262334373906 133
1743720794962 0.5992840849540656 134
1743720794970 0.603742429377808 135
1743720794980 0.608201259512894 136
1743720794989 0.6126605683200289 137
1743720794997 0.6171203489118451 138
1743720795006 0.6215805945485613 139
1743720795016 0.6260412986337961 140
1743720795025 0.630502454710528 141
1743720795036 0.6349640564571977 142
1743720795044 0.6394260976839448 143
1743720795088 0.6438885723289752 144
1743720795098 0.6483514744550523 145
1743720795109 0.6528147982461071 146
1743720795117 0.6572785380039645 147
1743720795127 0.6617426881451774 148
1743720795136 0.6662072431979678 149
1743720795146 0.6706721977992682 150
1743720795154 0.6751375466918617 151
1743720795163 0.6796032847216136 152
1743720795172 0.6840694068347946 153
1743720795181 0.6885359080754894 154
1743720795190 0.6930027835830889 155
1743720795198 0.6974700285898617 156
1743720795208 0.7019376384186033 157
1743720795216 0.706405608480358 158
1743720795224 0.7108739342722132 159
1743720795234 0.7153426113751614 160
1743720795243 0.7198116354520286 161
1743720795253 0.7242810022454662 162
1743720795262 0.7287507075760037 163
1743720795271 0.7332207473401611 164
1743720795279 0.7376911175086177 165
1743720795288 0.7421618141244358 166
1743720795298 0.7466328333013373 167
1743720795307 0.7511041712220313 168
1743720795317 0.7555758241365909 169
1743720795326 0.760047788360877 170
1743720795337 0.7645200602750094 171
1743720795346 0.7689926363218799 172
1743720795354 0.7734655130057099 173
1743720795363 0.7779386868906485 174
1743720795373 0.7824121545994103 175
1743720795382 0.7868859128119521 176
1743720795392 0.7913599582641866 177
1743720795400 0.7958342877467317 178
1743720795410 0.800308898103695 179
1743720795419 0.8047837862314918 180
1743720795428 0.8092589490776954 181
1743720795438 0.8137343836399187 182
1743720795447 0.8182100869647269 183
1743720795457 0.8226860561465784 184
1743720795466 0.8271622883267954 185
1743720795474 0.8316387806925611 186
1743720795485 0.8361155304759442 187
1743720795493 0.8405925349529487 188
1743720795503 0.8450697914425891 189
1743720795512 0.8495472973059897 190
1743720795522 0.854025049945507 191
1743720795530 0.8585030468038757 192
1743720795539 0.8629812853633756 193
1743720795550 0.8674365585969294 194
1743720795560 0.8718921870021376 195
1743720795571 0.8763481669731966 196
1743720795580 0.8808044949589364 197
1743720795590 0.8852611674617219 198
1743720795600 0.8897181810363826 199
1743720795610 0.8941755322891684 200
1743720795619 0.8986332178767317 201
1743720795627 0.9030912345051337 202
1743720795637 0.9075495789288761 203
1743720795646 0.9120082479499555 204
1743720795655 0.9164672384169414 205
1743720795663 0.9209265472240763 206
1743720795673 0.9253861713103972 207
1743720795682 0.9298461076588784 208
1743720795690 0.9343063532955946 209
1743720795701 0.9387669052889038 210
1743720795709 0.9432277607486494 211
1743720795718 0.9476889168253814 212
1743720795728 0.952150370709595 213
1743720795736 0.9566121196309882 214
1743720795747 0.9610741608577353 215
1743720795757 0.9655364916957777 216
1743720795767 0.9699991094881311 217
1743720795777 0.9744620116142081 218
1743720795787 0.9789251954891567 219
1743720795795 0.9833886585632133 220
